\Generated using SimplexCpp @ 28-02-2020 19:19:05

Minimize
 obj: -3.36544 x1 -16.9681 x2 -2.79985 x3 -17.111 x4 +44.7894 x5 +37.1691 x6 -48.2926 x7 -16.978 x8 +27.3697 x9 -8.94884 x10 +26.9223 x11 +17.2092 x12 +36.265 x13 
Subject To
 c1: -40.7328 x1 -12.2403 x2 +7.9684 x3 +30.0943 x4 +17.5412 x5 -36.6357 x6 +33.8984 x7 -5.20033 x8 +8.19889 x9 -2.45905 x10 +4.6746 x11 +45.2519 x12 +37.0686 x13 +1 x14 <= -42.5618
 c2: +32.2366 x1 -21.0118 x2 -41.066 x3 +17.6266 x4 +31.3811 x5 -2.18308 x6 -41.6638 x7 +14.0688 x8 +10.8269 x9 +26.7307 x10 -29.9192 x11 -28.66 x12 +26.4079 x13 +1 x15 <= -33.9528
 c3: -41.7189 x1 +47.1064 x2 +17.8208 x3 -4.5387 x4 -13.7479 x5 -38.957 x6 -32.9779 x7 -19.6322 x8 -17.5761 x9 +31.0245 x10 -13.2364 x11 -18.0043 x12 -4.4552 x13 +1 x16 <= 9.99309
 c4: +20.0603 x1 -25.479 x2 +26.5912 x3 -38.0081 x4 +22.5987 x5 -11.646 x6 +28.2594 x7 +6.95244 x8 -29.4053 x9 -29.0613 x10 -3.87746 x11 +25.7404 x12 -6.48453 x13 +1 x17 <= -18.1451
 c5: +34.14 x1 +34.1368 x2 +38.528 x3 -37.6464 x4 -31.3302 x5 -28.4141 x6 +48.53 x7 +33.6479 x8 -1.64023 x9 -1.40397 x10 +1.53988 x11 +47.3058 x12 -9.52354 x13 +1 x18 <= 11.3649
 c6: +1.46075 x1 +46.0065 x2 -44.6703 x3 -34.8664 x4 -12.3192 x5 -1.79569 x6 -10.3535 x7 -38.1715 x8 -29.3894 x9 +21.5194 x10 +8.81415 x11 -5.26495 x12 -28.0831 x13 +1 x19 <= 7.49622
 c7: -47.2446 x1 +12.0839 x2 +3.73691 x3 +39.9795 x4 +25.2752 x5 +3.84986 x6 +37.4735 x7 -40.3088 x8 -27.0531 x9 -41.3974 x10 -36.6462 x11 +6.00922 x12 -24.4398 x13 +1 x20 <= -39.0713
 c8: -43.6501 x1 +38.932 x2 -11.7722 x3 +47.1317 x4 -29.173 x5 +24.5198 x6 -29.6899 x7 +3.9538 x8 +38.4147 x9 +33.1042 x10 +16.9212 x11 -40.9964 x12 -42.35 x13 +1 x21 <= 26.2586
 c9: +0.355637 x1 -15.5492 x2 +6.95515 x3 +7.75696 x4 -16.5886 x5 +14.5949 x6 +17.046 x7 +7.50041 x8 +12.672 x9 +36.7121 x10 -0.970374 x11 +10.9609 x12 -3.11698 x13 +1 x22 <= 34.9712
 c10: -0.815912 x1 +30.5594 x2 -18.725 x3 +31.1703 x4 +6.03276 x5 +2.56797 x6 +38.2712 x7 +31.4092 x8 +24.2143 x9 +12.8256 x10 -41.0754 x11 -20.1791 x12 +42.8643 x13 +1 x23 <= -43.7838
 c11: +6.95894 x1 -6.91119 x2 -33.1266 x3 -28.8298 x4 -37.3607 x5 +39.9532 x6 -48.1414 x7 -32.3487 x8 -23.8036 x9 -40.1407 x10 -43.0285 x11 +27.0818 x12 +21.8376 x13 +1 x24 <= 8.49938
 c12: +44.9424 x1 -26.3509 x2 -20.2176 x3 -31.228 x4 -34.9157 x5 -3.09378 x6 -24.1135 x7 +19.2787 x8 -30.5066 x9 -12.3162 x10 -38.0657 x11 -45.6312 x12 +15.3662 x13 +1 x25 <= -34.8629
 c13: -37.8508 x1 -18.0134 x2 -31.5518 x3 +39.7522 x4 -4.48309 x5 +40.7561 x6 -45.834 x7 +28.4004 x8 +12.0619 x9 -21.6137 x10 -26.4141 x11 +24.7161 x12 +29.7175 x13 +1 x26 <= 1.24895
 c14: -40.0337 x1 -28.6371 x2 -13.0613 x3 -48.297 x4 +14.6849 x5 -32.5155 x6 +45.5159 x7 -32.6854 x8 -38.3719 x9 +24.4001 x10 -2.54724 x11 -18.4036 x12 -44.4602 x13 +1 x27 <= 19.1151
 c15: +22.0984 x1 -25.5972 x2 -1.61337 x3 +6.88151 x4 +44.7617 x5 -40.307 x6 -2.63588 x7 +45.155 x8 +20.9969 x9 -37.8481 x10 +14.5391 x11 -21.6596 x12 +7.33784 x13 +1 x28 <= 23.131
Bounds
 x1 >= 0 x2 >= 0 x3 >= 0 x4 >= 0 x5 >= 0 x6 >= 0 x7 >= 0 x8 >= 0 x9 >= 0 x10 >= 0 x11 >= 0 x12 >= 0 x13 >= 0 x14 >= 0 x15 >= 0 x16 >= 0 x17 >= 0 x18 >= 0 x19 >= 0 x20 >= 0 x21 >= 0 x22 >= 0 x23 >= 0 x24 >= 0 x25 >= 0 x26 >= 0 x27 >= 0 x28 >= 0

End